date of comment,main comment,comment,depth,PTR Sentiment (Comment),Flair Outlook,Flair Score
,nan,This is excellent news I want to see America grab the ball by the horns and bring more manufacturing back to America. And stop being so reliant on China,0,nan,nan,nan
,nan,Arizona should thank a democrat for doing this.Not the BS crap Trump pulled.,0,nan,nan,nan
,nan,Go back to r/politics,1,nan,nan,nan
